977446390 Fri 22Dec00 00:53:10  -43   92  227    5  351   7961  12168  
977446391 Fri 22Dec00 00:53:11  -43   92  227    5  351   7968  12168  
977446392 Fri 22Dec00 00:53:12  -43   92  227    5  351   7974  12168  
977446393 Fri 22Dec00 00:53:13  -43   92  227    5  351   7980  12168  
977446394 Fri 22Dec00 00:53:14  -43   92  227    5  351   7986  12168  
977446395 Fri 22Dec00 00:53:15  -43   92  227    5  351   7992  12168  
977446396 Fri 22Dec00 00:53:16  -43   92  227    4  351   7998  12168  
977446397 Fri 22Dec00 00:53:17  -43   92  227    4  351   8004  12168  
977446398 Fri 22Dec00 00:53:18  -43   92  227    4  351   8010  12168  
977446399 Fri 22Dec00 00:53:19  -43   92  227    4  351   8016  12168  
977446400 Fri 22Dec00 00:53:20  -43   92  227    4  351   8022  12168  
