977446390 Fri 22Dec00 00:53:10 -23.189797 167.750589  227    5  351   3461  12168  
977446391 Fri 22Dec00 00:53:11 -23.208517 167.688378  227    5  351   3468  12168  
977446392 Fri 22Dec00 00:53:12 -23.227305 167.626399  227    5  351   3475  12168  
977446393 Fri 22Dec00 00:53:13 -23.246161 167.564651  227    5  351   3482  12168  
977446394 Fri 22Dec00 00:53:14 -23.265085 167.503131  227    5  351   3489  12168  
977446395 Fri 22Dec00 00:53:15 -23.284077 167.441840  227    5  351   3496  12168  
977446396 Fri 22Dec00 00:53:16 -23.303136 167.380777  227    4  351   3503  12168  
977446397 Fri 22Dec00 00:53:17 -23.322261 167.319939  227    4  351   3510  12168  
977446398 Fri 22Dec00 00:53:18 -23.341453 167.259326  227    4  351   3517  12168  
977446399 Fri 22Dec00 00:53:19 -23.360712 167.198935  227    4  351   3524  12168  
977446400 Fri 22Dec00 00:53:20 -23.380036 167.138766  227    4  351   3531  12168  
